[gd_scene load_steps=3 format=2]

[ext_resource path="res://Pirate.tscn" type="PackedScene" id=1]

[sub_resource type="BoxShape" id=1]
extents = Vector3( 10, 10, 0.1 )

[node name="Spatial" type="Spatial"]

[node name="Pirate_B_workaround" parent="." instance=ExtResource( 1 )]
transform = Transform( 0.1, 0, 0, 0, 0.1, 0, 0, 0, 0.1, 0, 0, 0 )

[node name="Camera" type="Camera" parent="."]
transform = Transform( 1, 0, 0, 0, 0.969317, 0.245815, 0, -0.245815, 0.969317, 0, 14.533, 13.304 )

[node name="SpotLight" type="SpotLight" parent="."]
transform = Transform( 1, 0, 0, 0, 0.913992, 0.405732, 0, -0.405732, 0.913992, 0, 23.8827, 23.9394 )
spot_range = 36.578
spot_angle = 36.1437

[node name="SpotLight2" type="SpotLight" parent="."]
transform = Transform( -0.877573, -0.194525, 0.438207, 0, 0.913992, 0.405732, -0.479443, 0.356059, -0.802095, 13.4659, 22.3998, -10.1399 )
light_energy = 3.682
spot_range = 36.578
spot_angle = 36.1437

[node name="Area" type="Area" parent="."]
transform = Transform( 1, 0, 0, 0, 1, 0, 0, 0, 1, 0, 9.17758, 3.55522 )

[node name="CollisionShape" type="CollisionShape" parent="Area"]
transform = Transform( 1, 0, 0, 0, 1, 0, 0, 0, 1, 0, 0, -0.601549 )
shape = SubResource( 1 )
